0 0
1 12345678
2 66269
3 63048
4 114160
5 200936
6 177528
7 607658
8 605493
9 284645
10 32302
11 536615
12 772917
13 960968
14 434933
15 262226
16 419307
17 408844
18 664864
19 838810
20 725631
21 443647
22 553872
23 178785
24 62344
25 318289
26 922822
27 264994
28 6314
29 451127
30 28405
31 854584
32 721143
33 331305
34 109605
35 322066
36 391723
37 182070
38 667445
39 201790
40 817591
41 87723
42 310660
43 371646
44 836709
45 158956
46 179257
47 826047
48 350363
49 553706
50 507846
51 456097
52 76229
53 371981
54 742260
55 910939
56 335651
57 170234
58 549250
59 812041
60 582831
61 700917
62 230332
63 627943
64 670816
65 506760
66 337567
67 67840
68 335897
69 834385
70 264886
71 268159
72 206659
73 120239
74 229747
75 938608
76 682565
77 622598
78 43810
79 853270
80 82143
81 964025
82 361290
83 621808
84 37394
85 550793
86 400025
87 125994
88 855634
89 587595
90 949553
91 78098
92 134020
93 304424
94 90793
95 735180
96 279388
97 456780
98 540419
99 337440
100 471913
101 664246
102 100418
103 653778
104 724532
105 194941
106 375795
107 815231
108 68784
109 495304
110 682725
111 760237
112 196600
113 51959
114 84008
115 187213
116 331550
117 414699
118 680325
119 985836
120 875464
121 198834
122 195007
123 177883
124 997008
125 393960
126 109448
127 369920
128 722196
129 604322
130 927045
131 990850
132 118684
133 174364
134 193796
135 764599
136 367496
137 773117
138 96332
139 605680
140 454434
141 174987
142 978283
143 532798
144 89974
145 642645
146 817708
147 571137
148 713954
149 317976
150 436020
151 602351
152 943301
153 200311
154 934448
155 811391
156 635997
157 954596
158 176965
159 586563
160 595071
161 926292
162 861990
163 303668
164 496606
165 761316
166 547340
167 876685
168 121454
169 417737
170 408650
171 135139
172 768826
173 488521
174 57919
175 617869
176 316695
177 516777
178 32275
179 19525
180 704082
181 396052
182 502115
183 173825
184 903790
185 846313
186 594472
187 360234
188 337128
189 245932
190 542775
191 708573
192 882561
193 108801
194 465366
195 237276
196 626011
197 236246
198 357006
199 890642
200 46296
201 311845
202 16551
203 799319
204 730656
205 691699
206 507008
207 584085
208 661664
209 648215
210 91792
211 171225
212 287208
213 940521
214 381961
215 63860
216 520907
217 359273
218 904812
219 200618
220 6145
221 465708
222 930648
223 366156
224 883848
225 619275
226 512263
227 53135
228 582636
229 572717
230 873764
231 692689
232 438382
233 927008
234 415521
235 395883
236 144292
237 148895
238 801675
239 620743
240 173543
241 100463
242 839934
243 830507
244 884877
245 410664
246 917539
247 184393
248 416871
249 539924
