-4.97991155e+00 -1.77669371e+01
-4.87991155e+00 -1.73704474e+01
-4.77991155e+00 -1.69739577e+01
-4.67991155e+00 -1.65774682e+01
-4.57991155e+00 -1.61809790e+01
-4.47991155e+00 -1.57844902e+01
-4.37991155e+00 -1.53880022e+01
-4.27991155e+00 -1.49915154e+01
-4.17991155e+00 -1.45950305e+01
-4.07991155e+00 -1.41985485e+01
-3.97991155e+00 -1.38020711e+01
-3.87991155e+00 -1.34056012e+01
-3.77991155e+00 -1.30091429e+01
-3.67991155e+00 -1.26127033e+01
-3.57991155e+00 -1.22162931e+01
-3.47991155e+00 -1.18199295e+01
-3.37991155e+00 -1.14236396e+01
-3.27991155e+00 -1.10274662e+01
-3.17991155e+00 -1.06314770e+01
-3.07991155e+00 -1.02357776e+01
-2.97991155e+00 -9.84053351e+00
-2.87991155e+00 -9.44600005e+00
-2.77991155e+00 -9.05257830e+00
-2.67991155e+00 -8.66083908e+00
-2.57991155e+00 -8.27161659e+00
-2.47991155e+00 -7.88604231e+00
-2.37991155e+00 -7.50551919e+00
-2.27991155e+00 -7.13157858e+00
-2.17991155e+00 -6.76568438e+00
-2.07991155e+00 -6.40930439e+00
-1.97991155e+00 -6.06447688e+00
-1.87991155e+00 -5.73420792e+00
-1.77991155e+00 -5.42258317e+00
-1.67991156e+00 -5.13500428e+00
-1.57991357e+00 -4.87725959e+00
-1.48013549e+00 -4.65202759e+00
-1.38592789e+00 -4.45933782e+00
-1.31960709e+00 -4.32206826e+00
-1.27718115e+00 -4.22863172e+00
-1.24509588e+00 -4.15487086e+00
-1.21833637e+00 -4.09236562e+00
-1.19478905e+00 -4.03786377e+00
-1.17337898e+00 -3.98987863e+00
-1.15348533e+00 -3.94762339e+00
-1.13471655e+00 -3.91059164e+00
-1.11680940e+00 -3.87836278e+00
-1.09957806e+00 -3.85048933e+00
-1.08288635e+00 -3.82643187e+00
-1.06663134e+00 -3.80551470e+00
-1.05073331e+00 -3.78690779e+00
-1.03512922e+00 -3.76963556e+00
-1.01976839e+00 -3.75261954e+00
-1.00460947e+00 -3.73476411e+00
-9.89618364e-01 -3.71508185e+00
-9.74766666e-01 -3.69283452e+00
-9.60030543e-01 -3.66768967e+00
-9.45389890e-01 -3.63981017e+00
-9.30827685e-01 -3.60988952e+00
-9.16329488e-01 -3.57908252e+00
-9.01883052e-01 -3.54884927e+00
-8.87478011e-01 -3.52071537e+00
-8.73105628e-01 -3.49600554e+00
-8.58758585e-01 -3.47556457e+00
-8.44430811e-01 -3.45953206e+00
-8.30117329e-01 -3.44719512e+00
-8.15814126e-01 -3.43698914e+00
-8.01518036e-01 -3.42668996e+00
-7.87226626e-01 -3.41391399e+00
-7.72938100e-01 -3.39682906e+00
-7.58651191e-01 -3.37484789e+00
-7.44365076e-01 -3.34903494e+00
-7.30079273e-01 -3.32173692e+00
-7.15793551e-01 -3.29609370e+00
-7.01507837e-01 -3.27498045e+00
-6.87222121e-01 -3.25957654e+00
-6.72936365e-01 -3.24879349e+00
-6.58650408e-01 -3.23971318e+00
-6.44363873e-01 -3.22883974e+00
-6.30076077e-01 -3.21346548e+00
-6.15785931e-01 -3.19308743e+00
-6.01491849e-01 -3.17015847e+00
-5.87191654e-01 -3.14870777e+00
-5.72882471e-01 -3.13175743e+00
-5.58560628e-01 -3.11965550e+00
-5.44221542e-01 -3.10965097e+00
-5.29859599e-01 -3.09751951e+00
-5.15468010e-01 -3.08115801e+00
-5.01038662e-01 -3.06211937e+00
-4.86561929e-01 -3.04406116e+00
-4.72026455e-01 -3.02971782e+00
-4.57418885e-01 -3.01800777e+00
-4.42723535e-01 -3.00559180e+00
-4.27921981e-01 -2.99021889e+00
-4.12992529e-01 -2.97353735e+00
-3.97909541e-01 -2.95846164e+00
-3.82642553e-01 -2.94542043e+00
-3.67155103e-01 -2.93198232e+00
-3.51403164e-01 -2.91682516e+00
-3.35333002e-01 -2.90129913e+00
-3.18878190e-01 -2.88699461e+00
-3.01955368e-01 -2.87257397e+00
-2.84458057e-01 -2.85675648e+00
-2.66247402e-01 -2.84103502e+00
-2.47137826e-01 -2.82509108e+00
-2.26874001e-01 -2.80792537e+00
-2.05092193e-01 -2.79012374e+00
-1.81252104e-01 -2.77078512e+00
-1.54509753e-01 -2.74963678e+00
-1.23466370e-01 -2.72552408e+00
-8.56521724e-02 -2.69692527e+00
-3.65311906e-02 -2.66095427e+00
3.12809496e-02 -2.61333208e+00
1.21290562e-01 -2.55353499e+00
2.20547222e-01 -2.49171708e+00
3.20535856e-01 -2.43338645e+00
4.20535822e-01 -2.37863185e+00
5.20535822e-01 -2.32711474e+00
6.20535822e-01 -2.27854567e+00
7.20535822e-01 -2.23265302e+00
8.20535822e-01 -2.18921480e+00
9.20535822e-01 -2.14801716e+00
1.02053582e+00 -2.10887902e+00
1.12053582e+00 -2.07163877e+00
1.22053582e+00 -2.03615516e+00
1.32053582e+00 -2.00230348e+00
1.42053582e+00 -1.96997204e+00
1.52053582e+00 -1.93909081e+00
1.62053582e+00 -1.90957820e+00
1.72053582e+00 -1.88140426e+00
1.82053582e+00 -1.85457108e+00
1.92053582e+00 -1.82912952e+00
2.02053582e+00 -1.80521134e+00
2.12053582e+00 -1.78306149e+00
2.22053582e+00 -1.76308357e+00
2.32053582e+00 -1.74588188e+00
2.42053582e+00 -1.73234592e+00
2.52053582e+00 -1.72357371e+00
2.62053582e+00 -1.72064896e+00
2.72053582e+00 -1.72394329e+00
2.82053582e+00 -1.73183335e+00
2.92053582e+00 -1.73984534e+00
3.02053582e+00 -1.74299072e+00
