0.076923
0.086154
0.095385
0.104615
0.113846
0.123077
0.132308
0.141538
0.150769
0.160000
0.169231
0.178462
0.187692
0.196923
0.206154
0.215385
0.224615
0.233846
0.243077
0.252308
0.261538
0.270769
0.280000
0.289231
0.298462
0.307692
0.316923
0.326154
0.335385
0.344615
0.353846
0.363077
0.372308
0.381538
0.390769
0.400000
0.409231
0.418462
0.427692
0.436923
0.446154
0.455385
0.464615
0.473846
0.483077
0.492308
0.501538
0.510769
0.520000
0.529231
0.538462
0.547692
0.556923
0.566154
0.575385
0.584615
0.593846
0.603077
0.612308
0.621538
0.630769
0.640000
0.649231
0.658462
0.667692
0.676923
0.686154
0.695385
0.704615
0.713846
0.723077
0.732308
0.741538
0.750769
0.760000
0.769231
0.778462
0.787692
0.796923
0.806154
0.815385
0.824615
0.833846
0.843077
0.852308
0.861538
0.870769
0.880000
0.889231
0.898462
0.907692
0.916923
0.926154
0.935385
0.944615
0.953846
0.963077
0.972308
0.981538
0.990769
