        0.02    0.0254095
   0.0207979    0.0264232
   0.0216277    0.0274774
   0.0224905    0.0285736
   0.0233878    0.0297135
   0.0243208    0.0308989
   0.0252911    0.0321316
   0.0263001    0.0334135
   0.0273494    0.0347465
   0.0284405    0.0361327
   0.0295752    0.0375742
   0.0307551    0.0390732
   0.0319821     0.040632
    0.033258     0.042253
   0.0345848    0.0439386
   0.0359646    0.0456915
   0.0373994    0.0475142
   0.0388915    0.0494097
   0.0404431    0.0513808
   0.0420566    0.0534305
   0.0437345    0.0555619
   0.0454793    0.0577783
   0.0472937    0.0600831
   0.0491805    0.0624799
   0.0511426    0.0649722
    0.053183    0.0675638
   0.0553047    0.0702588
   0.0575111    0.0730612
   0.0598056    0.0759753
   0.0621915    0.0790055
   0.0646727    0.0821565
   0.0672529     0.085433
   0.0699359    0.0888401
   0.0727261    0.0923828
   0.0756275    0.0960667
   0.0786447    0.0998971
   0.0817823      0.10388
    0.085045     0.108022
   0.0884379     0.112328
   0.0919662     0.116805
   0.0956352      0.12146
   0.0994507     0.126301
    0.103418     0.131333
    0.107544     0.136565
    0.111835     0.142005
    0.116296      0.14766
    0.120936     0.153539
    0.125761     0.159651
    0.130778     0.166004
    0.135996     0.172607
    0.141421     0.179471
    0.147063     0.186605
    0.152931      0.19402
    0.159032     0.201725
    0.165377     0.209731
    0.171974      0.21805
    0.178835     0.226693
     0.18597     0.235671
    0.193389     0.244996
    0.201105      0.25468
    0.209128     0.264735
    0.217471     0.275174
    0.226147      0.28601
     0.23517     0.297253
    0.244552     0.308918
    0.254308     0.321015
    0.264454     0.333558
    0.275005     0.346558
    0.285976     0.360027
    0.297385     0.373974
    0.309249      0.38841
    0.321587     0.403344
    0.334417     0.418783
    0.347759     0.434734
    0.361633     0.451202
     0.37606      0.46819
    0.391063     0.485697
    0.406665     0.503721
    0.422889     0.522259
    0.439761       0.5413
    0.457305     0.560835
    0.475549     0.580846
    0.494522     0.601314
    0.514251     0.622214
    0.534767     0.643519
    0.556102     0.665193
    0.578288     0.687199
    0.601359     0.709493
    0.625351     0.732029
    0.650299     0.754752
    0.676243     0.777609
    0.703222     0.800541
    0.731278     0.823485
    0.760453      0.84638
    0.790791     0.869161
     0.82234     0.891764
    0.855148     0.914126
    0.889264     0.936188
    0.924742     0.957889
    0.961635     0.979177
           1            1
