          49      39.3554
  0.00628319  1.42611e-07      0.00628319  1.42611e-07
  0.00644026  1.56096e-07      0.00644027  1.56096e-07
  0.00660127  1.70856e-07      0.00660127  1.70856e-07
   0.0067663  1.86591e-07       0.0067663  1.86591e-07
  0.00693546  2.03755e-07      0.00693546  2.03755e-07
  0.00710885  2.22498e-07      0.00710885  2.22498e-07
  0.00728657  2.42965e-07      0.00728657  2.42965e-07
  0.00746873  2.65315e-07      0.00746873  2.65315e-07
  0.00765545  2.89721e-07      0.00765545  2.89721e-07
  0.00784684  3.16371e-07      0.00784684  3.16371e-07
  0.00804301  3.45474e-07      0.00804301  3.45474e-07
  0.00824408  3.77253e-07      0.00824408  3.77253e-07
  0.00845019  4.11213e-07      0.00845019  4.11214e-07
  0.00866144  4.47761e-07      0.00866144  4.47761e-07
  0.00887798  4.87557e-07      0.00887798  4.87557e-07
  0.00909993  5.30889e-07      0.00909993  5.30889e-07
  0.00932742  5.78073e-07      0.00932743  5.78073e-07
  0.00956061   6.2945e-07      0.00956061   6.2945e-07
  0.00979962  6.85394e-07      0.00979963  6.85394e-07
   0.0100446   7.4631e-07       0.0100446   7.4631e-07
   0.0102957   8.1264e-07       0.0102957   8.1264e-07
   0.0105531  8.83889e-07       0.0105531  8.83889e-07
    0.010817  9.58992e-07        0.010817  9.58992e-07
   0.0110874  1.04048e-06       0.0110874  1.04048e-06
   0.0113646  1.12889e-06       0.0113646  1.12889e-06
   0.0116487  1.22481e-06       0.0116487  1.22481e-06
   0.0119399  1.32888e-06       0.0119399  1.32888e-06
   0.0122384  1.44179e-06       0.0122384  1.44179e-06
   0.0125443   1.5643e-06       0.0125444   1.5643e-06
    0.012858  1.69722e-06        0.012858  1.69722e-06
   0.0131794  1.84143e-06       0.0131794  1.84143e-06
   0.0135089  1.98889e-06       0.0135089  1.98889e-06
   0.0138466  2.14797e-06       0.0138466  2.14797e-06
   0.0141928  2.31978e-06       0.0141928  2.31978e-06
   0.0145476  2.50533e-06       0.0145476  2.50533e-06
   0.0149113  2.70572e-06       0.0149113  2.70572e-06
   0.0152841  2.92214e-06       0.0152841  2.92214e-06
   0.0156662  3.15587e-06       0.0156662  3.15587e-06
   0.0160578   3.4083e-06       0.0160578   3.4083e-06
   0.0164593  3.68092e-06       0.0164593  3.68092e-06
   0.0168708  3.95986e-06       0.0168708  3.95986e-06
   0.0172925  4.25128e-06       0.0172925  4.25128e-06
   0.0177248  4.56414e-06       0.0177249  4.56414e-06
    0.018168  4.90003e-06        0.018168  4.90003e-06
   0.0186222  5.26063e-06       0.0186222  5.26064e-06
   0.0190877  5.64778e-06       0.0190877  5.64778e-06
   0.0195649  6.06341e-06       0.0195649  6.06342e-06
    0.020054  6.50964e-06       0.0200541  6.50964e-06
   0.0205554   6.9887e-06       0.0205554  6.98871e-06
   0.0210693  7.48469e-06       0.0210693   7.4847e-06
    0.021596  7.97654e-06        0.021596  7.97655e-06
   0.0221359  8.50071e-06        0.022136  8.50072e-06
   0.0226893  9.05933e-06       0.0226894  9.05934e-06
   0.0232565  9.65465e-06       0.0232566  9.65467e-06
   0.0238379  1.02891e-05        0.023838  1.02891e-05
   0.0244339  1.09652e-05        0.024434  1.09653e-05
   0.0250447  1.16858e-05       0.0250448  1.16858e-05
   0.0256708  1.24537e-05        0.025671  1.24538e-05
   0.0263126  1.32714e-05       0.0263127  1.32714e-05
   0.0269704  1.40321e-05       0.0269706  1.40322e-05
   0.0276447  1.48365e-05       0.0276448  1.48365e-05
   0.0283358  1.56869e-05        0.028336   1.5687e-05
   0.0290442  1.65861e-05       0.0290444  1.65862e-05
   0.0297703  1.75369e-05       0.0297705  1.75369e-05
   0.0305146  1.85421e-05       0.0305148  1.85422e-05
   0.0312774   1.9605e-05       0.0312776  1.96051e-05
   0.0320594  2.07288e-05       0.0320596  2.07289e-05
   0.0328609   2.1917e-05       0.0328611  2.19171e-05
   0.0336824  2.30882e-05       0.0336826  2.30884e-05
   0.0345244  2.42843e-05       0.0345247  2.42844e-05
   0.0353875  2.55423e-05       0.0353878  2.55424e-05
   0.0362722  2.68654e-05       0.0362726  2.68656e-05
    0.037179  2.82571e-05       0.0371794  2.82573e-05
   0.0381085  2.97209e-05       0.0381089  2.97211e-05
   0.0390612  3.12606e-05       0.0390616  3.12608e-05
   0.0400378  3.28799e-05       0.0400382  3.28802e-05
   0.0410387  3.45832e-05       0.0410392  3.45835e-05
   0.0420647  3.63949e-05       0.0420652  3.63952e-05
   0.0431163  3.83033e-05       0.0431168  3.83037e-05
   0.0441942  4.03118e-05       0.0441948  4.03123e-05
   0.0452991  4.24256e-05       0.0452997  4.24261e-05
   0.0464315  4.46503e-05       0.0464322  4.46509e-05
   0.0475923  4.69916e-05       0.0475931  4.69923e-05
   0.0487821  4.95746e-05       0.0487829  4.95753e-05
   0.0500017  5.23452e-05       0.0500025   5.2346e-05
   0.0512517  5.52707e-05       0.0512527  5.52716e-05
    0.052533  5.83596e-05        0.052534  5.83606e-05
   0.0538463  6.17355e-05       0.0538474  6.17369e-05
   0.0551925  6.53413e-05       0.0551937  6.53429e-05
   0.0565723  6.91578e-05       0.0565736  6.91596e-05
   0.0579866  7.32496e-05        0.057988  7.32516e-05
   0.0594363  7.75986e-05       0.0594378  7.76009e-05
   0.0609222  8.21934e-05       0.0609239  8.21959e-05
   0.0624452  8.70278e-05       0.0624471  8.70307e-05
   0.0640064  9.21308e-05       0.0640083   9.2134e-05
   0.0656065  9.73733e-05       0.0656087  9.73768e-05
   0.0672467  0.000102885        0.067249   0.00010289
   0.0689279  0.000108425       0.0689304   0.00010843
   0.0706511   0.00011416       0.0706537  0.000114166
   0.0724173   0.00011986       0.0724202  0.000119866
   0.0742278  0.000125579       0.0742309  0.000125586
   0.0760835  0.000131286       0.0760868  0.000131293
   0.0779855  0.000136745       0.0779891  0.000136753
   0.0799352  0.000142183        0.079939  0.000142192
   0.0819336  0.000147335       0.0819376  0.000147344
   0.0839819  0.000152289       0.0839862  0.000152299
   0.0860815  0.000157141        0.086086  0.000157152
   0.0882335  0.000161748       0.0882382   0.00016176
   0.0904393  0.000166319       0.0904443  0.000166331
   0.0927003  0.000170928       0.0927056  0.000170941
   0.0950178  0.000175668       0.0950234  0.000175681
   0.0973933  0.000180781       0.0973991  0.000180794
   0.0998281   0.00018634       0.0998343  0.000186354
    0.102324   0.00019248         0.10233  0.000192495
    0.104882  0.000199699        0.104889  0.000199714
    0.107504   0.00020784        0.107511  0.000207856
    0.110192     0.000217          0.1102  0.000217017
    0.112946  0.000227447        0.112955  0.000227466
     0.11577   0.00023914        0.115779  0.000239161
    0.118664  0.000251796        0.118674  0.000251818
    0.121631  0.000265333        0.121642  0.000265358
    0.124672  0.000279405        0.124683  0.000279433
    0.127788  0.000293431        0.127801  0.000293464
    0.130983  0.000307152        0.130997  0.000307188
    0.134258  0.000320246        0.134272  0.000320288
    0.137614  0.000331713        0.137629  0.000331758
    0.141054  0.000341625        0.141071  0.000341681
    0.144581  0.000350253        0.144598  0.000350312
    0.148195  0.000357671        0.148213  0.000357743
      0.1519  0.000364029        0.151919  0.000364103
    0.155698  0.000370547        0.155717   0.00037064
     0.15959  0.000377881         0.15961  0.000377999
     0.16358  0.000386572        0.163601  0.000386696
    0.167669  0.000398155        0.167692  0.000398317
    0.171861  0.000412722        0.171885  0.000412927
    0.176158  0.000429911        0.176183  0.000430134
    0.180562  0.000449633        0.180589  0.000449902
    0.185076  0.000471357        0.185105  0.000471652
    0.189703  0.000493057        0.189734   0.00049338
    0.194445  0.000513678        0.194478  0.000513992
    0.199306  0.000532266        0.199342  0.000532545
    0.204289  0.000546628        0.204326  0.000546922
    0.209396  0.000557964        0.209435  0.000558206
    0.214631  0.000567739        0.214672  0.000567938
    0.219997  0.000576898        0.220039  0.000577066
    0.225497  0.000587842        0.225541  0.000588017
    0.231134  0.000602579        0.231181   0.00060274
    0.236913  0.000621135        0.236962  0.000621296
    0.242835  0.000643685        0.242887  0.000643863
    0.248906  0.000669693        0.248962  0.000669885
    0.255129  0.000695375        0.255188  0.000695609
    0.261507  0.000719168         0.26157  0.000719483
    0.268045  0.000739884        0.268111  0.000740349
    0.274746  0.000755484        0.274815  0.000755969
    0.281615  0.000769266        0.281687  0.000770039
    0.288655  0.000783854         0.28873  0.000785129
    0.295871  0.000800893         0.29595  0.000802756
    0.303268  0.000823695        0.303352  0.000825665
     0.31085  0.000850006        0.310938  0.000852068
    0.318621  0.000877528        0.318714  0.000879025
    0.326587  0.000904673        0.326685  0.000905622
    0.334751  0.000926987        0.334855  0.000927984
     0.34312  0.000946831        0.343228  0.000947495
    0.351698  0.000966105        0.351811  0.000966625
     0.36049  0.000986472        0.360609  0.000986963
    0.369503   0.00101193        0.369627   0.00101244
     0.37874   0.00103939        0.378872      0.00104
    0.388209   0.00106787        0.388347   0.00106878
    0.397914   0.00109456        0.398059   0.00109623
    0.407862   0.00111875        0.408014   0.00112049
    0.418058   0.00114274        0.418218   0.00114617
     0.42851   0.00116748        0.428677   0.00117234
    0.439223   0.00119532        0.439398   0.00119902
    0.450203   0.00122412        0.450387     0.001228
    0.461458   0.00125367        0.461651   0.00125587
    0.472995   0.00128103        0.473197   0.00128242
     0.48482   0.00130859        0.485031   0.00130977
     0.49694   0.00133642        0.497162   0.00133765
    0.509364    0.0013663        0.509596   0.00136775
    0.522098   0.00139685        0.522341   0.00139916
     0.53515   0.00142695        0.535405   0.00143133
    0.548529   0.00145717        0.548796   0.00146173
    0.562242    0.0014875        0.562522   0.00149418
    0.576298   0.00151881        0.576591   0.00152377
    0.590706   0.00155092        0.591011   0.00155397
    0.605473   0.00158272        0.605793    0.0015859
     0.62061   0.00161499        0.620945   0.00161753
    0.636125   0.00164771        0.636475   0.00165063
    0.652028   0.00168105        0.652394    0.0016848
    0.668329   0.00171456        0.668712   0.00171935
    0.685037   0.00174837        0.685438   0.00175558
    0.702163   0.00178279        0.702582   0.00178962
    0.719717   0.00181731        0.720155   0.00182441
     0.73771    0.0018525        0.738167   0.00185761
    0.756153   0.00188819         0.75663   0.00189286
    0.775057   0.00192378        0.775555   0.00192969
    0.794433   0.00196005        0.794954   0.00196618
    0.814294     0.001997        0.814838    0.0020054
    0.834652   0.00203384        0.835219   0.00204232
    0.855518   0.00207095        0.856111   0.00207974
    0.876906   0.00210874        0.877524   0.00211632
    0.898828   0.00214721        0.899474   0.00215502
    0.921299   0.00218625        0.921973   0.00219435
    0.944332   0.00222449        0.945035    0.0022346
     0.96794    0.0022634        0.968673   0.00227425
    0.992138     0.002303        0.992903   0.00231422
     1.01694   0.00234328         1.01774   0.00235375
     1.04237   0.00238427          1.0432   0.00239603
     1.06842   0.00242597         1.06929   0.00243815
     1.09514   0.00246665         1.09604   0.00248002
     1.12251   0.00250744         1.12346   0.00252126
     1.15058   0.00254891         1.15156   0.00256281
     1.17934   0.00259107         1.18036   0.00260544
     1.20882   0.00263393         1.20989   0.00264975
     1.23904   0.00267749         1.24016   0.00269384
     1.27002   0.00272178         1.27118   0.00273889
     1.30177   0.00276679         1.30298   0.00278448
     1.33432   0.00281149         1.33557   0.00283059
     1.36767   0.00285506         1.36898   0.00287476
     1.40187   0.00289931         1.40323   0.00292028
     1.43691   0.00294424         1.43833   0.00296587
     1.47284   0.00298987         1.47431   0.00301217
     1.50966    0.0030362         1.51119   0.00306032
      1.5474   0.00308326           1.549   0.00310813
     1.58608   0.00313104         1.58775   0.00315669
     1.62573   0.00317956         1.62747   0.00320601
     1.66638   0.00322848         1.66819   0.00325735
     1.70804   0.00327532         1.70992   0.00330504
     1.75074   0.00332285         1.75269   0.00335343
     1.79451   0.00337106         1.79654   0.00340253
     1.83937   0.00341997         1.84149   0.00345486
     1.88535   0.00346959         1.88755    0.0035055
     1.93249   0.00351993         1.93478   0.00355689
      1.9808     0.003571         1.98318   0.00360904
     2.03032   0.00362282         2.03279   0.00366197
     2.08108   0.00367538         2.08365   0.00371567
      2.1331    0.0037261         2.13578   0.00376751
     2.18643   0.00377682         2.18922   0.00382377
     2.24109   0.00382823         2.24398   0.00387646
     2.29712   0.00388034         2.30013   0.00392989
     2.35455   0.00393316         2.35767   0.00398407
     2.41341    0.0039867         2.41666     0.004039
     2.47375   0.00404097         2.47712    0.0040947
     2.53559   0.00409598         2.53909   0.00415118
     2.59898   0.00415173         2.60262   0.00420845
     2.66396   0.00420668         2.66774   0.00427196
     2.73055   0.00426053         2.73449   0.00432749
     2.79882   0.00431508          2.8029   0.00438376
     2.86879   0.00437032         2.87303   0.00444077
     2.94051   0.00442627         2.94491   0.00449853
     3.01402   0.00448294         3.01859   0.00455705
     3.08937   0.00454033         3.09412   0.00461635
     3.16661   0.00459845         3.17153   0.00467644
     3.24577   0.00465732         3.25089   0.00473731
     3.32691   0.00471647         3.33224   0.00480856
     3.41009   0.00477337         3.41561   0.00486769
     3.49534   0.00483096         3.50107   0.00492757
     3.58272   0.00488925         3.58867    0.0049882
     3.67229   0.00494824         3.67846   0.00504958
      3.7641   0.00500794          3.7705   0.00511174
      3.8582   0.00506836         3.86484   0.00517468
     3.95466   0.00512951         3.96155    0.0052384
     4.05352    0.0051914         4.06068   0.00530293
     4.15486   0.00525404         4.16228   0.00536827
     4.25873   0.00531456         4.26645   0.00544527
      4.3652   0.00537513          4.3732   0.00550883
     4.47433   0.00543639         4.48263   0.00557314
     4.58619   0.00549834         4.59479   0.00563823
     4.70084     0.005561         4.70976   0.00570409
     4.81836   0.00562438         4.82762   0.00577073
     4.93882   0.00568848         4.94842   0.00583818
     5.06229   0.00575331         5.07224   0.00590643
     5.18885   0.00581888         5.19917    0.0059755
     5.31857   0.00588344          5.3293    0.0060617
     5.45154   0.00594689         5.46265     0.006129
     5.58783   0.00601102         5.59934   0.00619706
     5.72752   0.00607584         5.73946   0.00626591
     5.87071   0.00614136         5.88308   0.00633553
     6.01748   0.00620759          6.0303   0.00640596
     6.16791   0.00627453          6.1812   0.00647718
     6.32211   0.00634219         6.33588   0.00654923
     6.48016   0.00641058         6.49444   0.00662209
     6.64217   0.00647912         6.65701   0.00671873
     6.80822   0.00654537          6.8236   0.00678989
     6.97843   0.00661229         6.99435   0.00686181
     7.15289    0.0066799         7.16939   0.00693453
     7.33171    0.0067482          7.3488   0.00700804
       7.515    0.0068172          7.5327   0.00708236
     7.70288    0.0068869         7.72121   0.00715749
     7.89545   0.00695732         7.91444   0.00723344
     8.09284   0.00702846         8.11251   0.00731023
     8.29516   0.00710032         8.31554   0.00738786
     8.50254   0.00716985         8.52372   0.00749363
      8.7151   0.00723948         8.73704   0.00756955
     8.93298   0.00730978         8.95569   0.00764626
      9.1563   0.00738077         9.17982   0.00772377
     9.38521   0.00745244         9.40956   0.00780211
     9.61984   0.00752482         9.64505   0.00788127
     9.86034   0.00759789         9.88643   0.00796126
     10.1068   0.00767167         10.1339   0.00804209
     10.3595   0.00774617         10.3875   0.00812378
     10.6185   0.00781951         10.6476   0.00824301
      10.884   0.00789174         10.9141   0.00832305
     11.1561   0.00796465         11.1872   0.00840391
      11.435   0.00803823         11.4672   0.00848558
     11.7208   0.00811248         11.7542   0.00856809
     12.0139   0.00818743         12.0484   0.00865143
     12.3142   0.00826306           12.35   0.00873562
     12.6221    0.0083394         12.6591   0.00882067
     12.9376   0.00841644         12.9759   0.00890658
     13.2611   0.00849348         13.3009    0.0090407
     13.5926   0.00856823         13.6338   0.00912505
     13.9324   0.00864363          13.975   0.00921021
     14.2807    0.0087197         14.3248   0.00929621
     14.6377   0.00879644         14.6834   0.00938305
     15.0037   0.00887385         15.0509   0.00947075
     15.3788   0.00895194         15.4276   0.00955931
     15.7632   0.00903072         15.8138   0.00964873
     16.1573   0.00911019         16.2096   0.00973904
     16.5612   0.00919037         16.6153   0.00983023
     16.9753   0.00926801         17.0316   0.00997898
     17.3997   0.00934581         17.4579    0.0100686
     17.8346   0.00942425         17.8948    0.0101592
     18.2805   0.00950336         18.3428    0.0102505
     18.7375   0.00958313         18.8019    0.0103428
      19.206   0.00966357         19.2725    0.0104359
     19.6861   0.00974469          19.755    0.0105299
     20.1783   0.00982648         20.2495    0.0106248
     20.6827   0.00990896         20.7564    0.0107206
     21.1998   0.00999011         21.2765    0.0108885
     21.7298    0.0100702          21.809    0.0109829
      22.273    0.0101509          22.355    0.0110781
     22.8299    0.0102323         22.9146    0.0111742
     23.4006    0.0103143         23.4882    0.0112712
     23.9856     0.010397         24.0762    0.0113691
     24.5853    0.0104803         24.6789    0.0114679
     25.1999    0.0105643         25.2967    0.0115676
     25.8299     0.010649           25.93    0.0116682
     26.4756    0.0107335         26.5799    0.0118579
     27.1375    0.0108157         27.2453    0.0119571
      27.816    0.0108985         27.9273    0.0120571
     28.5114    0.0109819         28.6264    0.0121581
     29.2241    0.0110659         29.3431      0.01226
     29.9547    0.0111506         30.0777    0.0123628
     30.7036     0.011236         30.8307    0.0124665
     31.4712     0.011322         31.6025    0.0125711
      32.258    0.0114087         32.3937    0.0126767
     33.0644     0.011496         33.2047    0.0127832
     33.8911    0.0115805         34.0372    0.0129949
     34.7383    0.0116652         34.8894    0.0131001
     35.6068    0.0117505         35.7628    0.0132061
      36.497    0.0118365         36.6582     0.013313
     37.4094     0.011923          37.576    0.0134209
     38.3446    0.0120102         38.5168    0.0135297
     39.3032    0.0120981         39.4811    0.0136395
     40.2858    0.0121866         40.4696    0.0137502
      41.293    0.0122757         41.4829    0.0138619
     42.3253    0.0123632         42.5233    0.0141008
     43.3834    0.0124495          43.588     0.014211
      44.468    0.0125364         44.6793    0.0143221
     45.5797    0.0126239         45.7979    0.0144341
     46.7192    0.0127121         46.9446    0.0145471
     47.8872    0.0128008         48.1201     0.014661
     49.0843    0.0128902         49.3249    0.0147759
     50.3115    0.0129801           50.56    0.0148918
     51.5692    0.0130708          51.826    0.0150086
     52.8585     0.013161         53.1264    0.0152811
     54.1799    0.0132485         54.4566    0.0153962
     55.5344    0.0133365         55.8201    0.0155123
     56.9228    0.0134252         57.2178    0.0156293
     58.3459    0.0135144         58.6505    0.0157472
     59.8045    0.0136043         60.1191    0.0158662
     61.2996    0.0136947         61.6245    0.0159861
     62.8321    0.0137858         63.1677    0.0161069
     64.4029    0.0138774         64.7494    0.0162288
      66.013    0.0139697         66.3709    0.0163516
     67.6633    0.0140581         68.0369    0.0166566
     69.3549    0.0141467         69.7406    0.0167772
     71.0888    0.0142358          71.487    0.0168987
      72.866    0.0143256         73.2771    0.0170212
     74.6876    0.0144158         75.1121    0.0171446
     76.5548    0.0145067          76.993     0.017269
     78.4687    0.0145981         78.9211    0.0173944
     80.4304    0.0146901         80.8974    0.0175207
     82.4412    0.0147827         82.9233    0.0176481
     84.5022    0.0148725         85.0062    0.0179996
     86.6148    0.0149606         87.1349    0.0181237
     88.7801    0.0150493         89.3169    0.0182487
     90.9996    0.0151384         91.5536    0.0183747
     93.2746    0.0152281         93.8464    0.0185016
     95.6065    0.0153183         96.1965    0.0186295
     97.9967     0.015409         98.6056    0.0187583
     100.447    0.0155003         101.075    0.0188881
     102.958    0.0155921         103.606    0.0190189
     105.532    0.0156826         106.211    0.0194305
      108.17    0.0157687         108.871    0.0195563
     110.874    0.0158551         111.597    0.0196829
     113.646    0.0159421         114.392    0.0198105
     116.487    0.0160295         117.256    0.0199389
     119.399    0.0161174         120.193    0.0200683
     122.384    0.0162058         123.203    0.0201985
     125.444    0.0162947         126.288    0.0203297
      128.58    0.0163841         129.451    0.0204618
     131.795    0.0164739         132.693    0.0205949
     135.089    0.0165559         136.032    0.0210822
     138.467    0.0166378         139.439    0.0212071
     141.928    0.0167201         142.931    0.0213328
     145.477    0.0168028          146.51    0.0214593
     149.113    0.0168859         150.179    0.0215867
     152.841    0.0169694          153.94    0.0217148
     156.662    0.0170533         157.795    0.0218438
     160.579    0.0171376         161.747    0.0219736
     164.593    0.0172224         165.797    0.0221043
     168.708    0.0173002         169.976    0.0227203
     172.926    0.0173739         174.232    0.0228379
     177.249    0.0174478         178.595    0.0229563
      181.68    0.0175221         183.067    0.0230753
     186.222    0.0175967         187.651    0.0231949
     190.878    0.0176716          192.35    0.0233153
      195.65    0.0177468         197.166    0.0234363
     200.541    0.0178223         202.104    0.0235581
     205.555    0.0178982         207.165    0.0236805
     210.693    0.0179697         212.401    0.0245164
     215.961    0.0180298         217.719     0.024618
      221.36    0.0180902         223.169    0.0247201
     226.894    0.0181507         228.756    0.0248226
     232.566    0.0182115         234.483    0.0249256
      238.38    0.0182725         240.353     0.025029
      244.34    0.0183337          246.37     0.025133
     250.448     0.018395         252.538    0.0252374
      256.71    0.0184566          258.86    0.0253422
     263.127    0.0185184         265.341    0.0254476
     269.705    0.0185593         272.081    0.0266572
     276.448    0.0185996          278.89    0.0267302
     283.359    0.0186399         285.869    0.0268035
     290.443    0.0186803         293.022    0.0268769
     297.704    0.0187208         300.355    0.0269506
     305.147    0.0187614         307.871    0.0270245
     312.776    0.0188021         315.576    0.0270986
     320.595    0.0188429         323.473     0.027173
      328.61    0.0188837         331.568    0.0272475
     336.825    0.0189072         340.077    0.0292447
     345.246    0.0189209         348.582     0.029272
     353.877    0.0189345           357.3    0.0292994
     362.724    0.0189482         366.236    0.0293268
     371.792    0.0189619         375.395    0.0293542
     381.087    0.0189756         384.783    0.0293816
     390.614    0.0189893         394.406    0.0294091
     400.379     0.019003          404.27    0.0294366
     410.389    0.0190168          414.38    0.0294641
     420.648    0.0190213          425.26    0.0332482
     431.165    0.0190058         435.886    0.0332123
     441.944    0.0189904         446.778    0.0331764
     452.992    0.0189749         457.942    0.0331406
     464.317    0.0189595         469.385    0.0331048
     475.925    0.0189441         481.114     0.033069
     487.823    0.0189287         493.137    0.0330333
     500.019    0.0189133         505.459    0.0329976
     512.519    0.0188979          518.09     0.032962
     525.332    0.0188825         531.036    0.0329264
     538.466     0.018846         545.757    0.0411759
     551.927    0.0188093         559.381    0.0410673
     565.725    0.0187727         573.346    0.0409591
     579.869    0.0187361         587.659    0.0408511
     594.365    0.0186997          602.33    0.0407434
     609.224    0.0186633         617.367     0.040636
     624.455     0.018627          632.78    0.0405289
     640.066    0.0185907         648.577    0.0404221
     656.068    0.0185545         664.769    0.0403156
      672.47     0.018518         686.181     0.062426
     689.281    0.0184814         703.301    0.0622655
     706.514    0.0184449         720.847    0.0621055
     724.176    0.0184085         738.831    0.0619458
     742.281    0.0183721         757.264    0.0617865
     760.838    0.0183358         776.157    0.0616277
     779.859    0.0182995         795.521    0.0614692
     799.355    0.0182634         815.369    0.0613112
     819.339    0.0182273         835.712    0.0611536
     839.823    0.0181987               0            0
     860.818    0.0181845               0            0
     882.339    0.0181704               0            0
     904.397    0.0181563               0            0
     927.007    0.0181422               0            0
     950.182    0.0181281               0            0
     973.937    0.0181141               0            0
     998.285       0.0181               0            0
     1023.24     0.018086               0            0
     1048.82            0               0            0
     1075.04            0               0            0
     1101.92            0               0            0
     1129.47            0               0            0
      1157.7            0               0            0
     1186.65            0               0            0
     1216.31            0               0            0
     1246.72            0               0            0
     1277.89            0               0            0
     1309.84            0               0            0
     1342.58            0               0            0
     1376.15            0               0            0
     1410.55            0               0            0
     1445.81            0               0            0
     1481.96            0               0            0
     1519.01            0               0            0
     1556.98            0               0            0
     1595.91            0               0            0
     1635.81            0               0            0
      1676.7            0               0            0
     1718.62            0               0            0
     1761.58            0               0            0
     1805.62            0               0            0
     1850.76            0               0            0
     1897.03            0               0            0
     1944.46            0               0            0
     1993.07            0               0            0
