      100000        1e-05    0.0555165     0.235619
      115478  1.15478e-05    0.0546652     0.233806
      133352  1.33352e-05    0.0538183     0.231988
      153993  1.53993e-05    0.0529753     0.230164
      177828  1.77828e-05    0.0521356     0.228332
      205353  2.05353e-05    0.0512994     0.226494
      237137  2.37137e-05    0.0504671     0.224649
      273842  2.73842e-05    0.0496395     0.222799
      316228  3.16228e-05    0.0488175     0.220947
      365174  3.65174e-05    0.0480019     0.219093
      421697  4.21697e-05    0.0471931      0.21724
      486968  4.86968e-05    0.0463913     0.215386
      562341  5.62341e-05    0.0455962     0.213533
      649382  6.49382e-05    0.0448076     0.211678
      749894  7.49894e-05    0.0440258     0.209823
      865964  8.65964e-05    0.0432511     0.207969
       1e+06       0.0001    0.0424838     0.206116
 1.15478e+06  0.000115478    0.0417242     0.204265
 1.33352e+06  0.000133352    0.0409723     0.202416
 1.53993e+06  0.000153993     0.040228     0.200569
 1.77828e+06  0.000177828    0.0394913     0.198724
 2.05353e+06  0.000205353    0.0387625     0.196882
 2.37137e+06  0.000237137    0.0380418     0.195043
 2.73842e+06  0.000273842     0.037329     0.193207
 3.16228e+06  0.000316228    0.0366241     0.191374
 3.65174e+06  0.000365174    0.0359273     0.189545
 4.21697e+06  0.000421697    0.0352387      0.18772
 4.86968e+06  0.000486968    0.0345582     0.185898
 5.62341e+06  0.000562341    0.0338857     0.184081
 6.49382e+06  0.000649382    0.0332215     0.182268
 7.49894e+06  0.000749894    0.0325654     0.180459
 8.65964e+06  0.000865964    0.0319174     0.178654
       1e+07        0.001    0.0312776     0.176855
 1.15478e+07   0.00115478    0.0306459      0.17506
 1.33352e+07   0.00133352    0.0300224      0.17327
 1.53993e+07   0.00153993     0.029407     0.171485
 1.77828e+07   0.00177828    0.0287997     0.169705
 2.05353e+07   0.00205353    0.0282004      0.16793
 2.37137e+07   0.00237137    0.0276093      0.16616
 2.73842e+07   0.00273842    0.0270261     0.164396
 3.16228e+07   0.00316228     0.026451     0.162638
 3.65174e+07   0.00365174    0.0258838     0.160884
 4.21697e+07   0.00421697    0.0253246     0.159137
 4.86968e+07   0.00486968    0.0247733     0.157395
 5.62341e+07   0.00562341    0.0242298     0.155659
 6.49382e+07   0.00649382    0.0236942     0.153929
 7.49894e+07   0.00749894    0.0231664     0.152205
 8.65964e+07   0.00865964    0.0226464     0.150487
       1e+08         0.01     0.022134     0.148775
 1.15478e+08    0.0115478    0.0216294     0.147069
 1.33352e+08    0.0133352    0.0211324      0.14537
 1.53993e+08    0.0153993     0.020643     0.143677
 1.77828e+08    0.0177828    0.0201611      0.14199
 2.05353e+08    0.0205353    0.0196867     0.140309
 2.37137e+08    0.0237137    0.0192198     0.138636
 2.73842e+08    0.0273842    0.0187603     0.136968
 3.16228e+08    0.0316228    0.0183082     0.135308
 3.65174e+08    0.0365174    0.0178633     0.133654
 4.21697e+08    0.0421697    0.0174258     0.132007
 4.86968e+08    0.0486968    0.0169954     0.130367
 5.62341e+08    0.0562341    0.0165723     0.128733
 6.49382e+08    0.0649382    0.0161562     0.127107
 7.49894e+08    0.0749894    0.0157472     0.125488
 8.65964e+08    0.0865964    0.0153452     0.123876
       1e+09          0.1    0.0149502     0.122271
 1.15478e+09     0.115478    0.0145621     0.120673
 1.33352e+09     0.133352    0.0141808     0.119083
 1.53993e+09     0.153993    0.0138064       0.1175
 1.77828e+09     0.177828    0.0134387     0.115925
 2.05353e+09     0.205353    0.0130776     0.114357
 2.37137e+09     0.237137    0.0127232     0.112797
 2.73842e+09     0.273842    0.0123754     0.111245
 3.16228e+09     0.316228    0.0120342       0.1097
 3.65174e+09     0.365174    0.0116994     0.108164
 4.21697e+09     0.421697     0.011371     0.106635
 4.86968e+09     0.486968    0.0110489     0.105114
 5.62341e+09     0.562341    0.0107332     0.103601
 6.49382e+09     0.649382    0.0104237     0.102096
 7.49894e+09     0.749894    0.0101204       0.1006
 8.65964e+09     0.865964   0.00982318    0.0991119
       1e+10            1   0.00953205    0.0976322
 1.15478e+10      1.15478   0.00924693    0.0961609
 1.33352e+10      1.33352   0.00896775    0.0946982
 1.53993e+10      1.53993   0.00869446    0.0932441
 1.77828e+10      1.77828   0.00842699    0.0917987
 2.05353e+10      2.05353   0.00816529     0.090362
 2.37137e+10      2.37137   0.00790929    0.0889342
 2.73842e+10      2.73842   0.00765893    0.0875153
 3.16228e+10      3.16228   0.00741416    0.0861055
 3.65174e+10      3.65174    0.0071749    0.0847048
 4.21697e+10      4.21697   0.00694109    0.0833132
 4.86968e+10      4.86968   0.00671268    0.0819309
 5.62341e+10      5.62341    0.0064896     0.080558
 6.49382e+10      6.49382   0.00627178    0.0791945
 7.49894e+10      7.49894   0.00605916    0.0778406
 8.65964e+10      8.65964   0.00585168    0.0764963
       1e+11           10   0.00564927    0.0751616
 1.15478e+11      11.5478   0.00545188    0.0738368
 1.33352e+11      13.3352   0.00525942    0.0725219
 1.53993e+11      15.3993   0.00507184    0.0712169
 1.77828e+11      17.7828   0.00488908    0.0699219
 2.05353e+11      20.5353   0.00471106    0.0686372
 2.37137e+11      23.7137   0.00453772    0.0673626
 2.73842e+11      27.3842     0.004369    0.0660984
 3.16228e+11      31.6228   0.00420482    0.0648446
 3.65174e+11      36.5174   0.00404513    0.0636013
 4.21697e+11      42.1697   0.00388985    0.0623686
 4.86968e+11      48.6968   0.00373891    0.0611466
 5.62341e+11      56.2341   0.00359225    0.0599354
 6.49382e+11      64.9382   0.00344981    0.0587351
 7.49894e+11      74.9894   0.00331151    0.0575457
 8.65964e+11      86.5964   0.00317728    0.0563674
       1e+12          100   0.00304706    0.0552002
 1.15478e+12      115.478   0.00292078    0.0540443
 1.33352e+12      133.352   0.00279838    0.0528997
 1.53993e+12      153.993   0.00267977    0.0517665
 1.77828e+12      177.828    0.0025649    0.0506448
 2.05353e+12      205.353   0.00245369    0.0495348
 2.37137e+12      237.137   0.00234609    0.0484364
 2.73842e+12      273.842   0.00224201    0.0473498
 3.16228e+12      316.228   0.00214139    0.0462751
 3.65174e+12      365.174   0.00204416    0.0452124
 4.21697e+12      421.697   0.00195025    0.0441617
 4.86968e+12      486.968    0.0018596    0.0431231
 5.62341e+12      562.341   0.00177214    0.0420968
 6.49382e+12      649.382   0.00168779    0.0410827
 7.49894e+12      749.894   0.00160649    0.0400811
 8.65964e+12      865.964   0.00152818    0.0390919
       1e+13         1000   0.00145278    0.0381154
 1.15478e+13      1154.78   0.00138023    0.0371514
 1.33352e+13      1333.52   0.00131046    0.0362003
 1.53993e+13      1539.93    0.0012434    0.0352619
 1.77828e+13      1778.28   0.00117899    0.0343364
 2.05353e+13      2053.53   0.00111716    0.0334239
 2.37137e+13      2371.37   0.00105784    0.0325245
 2.73842e+13      2738.42   0.00100097    0.0316381
 3.16228e+13      3162.28  0.000946487     0.030765
 3.65174e+13      3651.74  0.000894319    0.0299052
 4.21697e+13      4216.97  0.000844405    0.0290586
 4.86968e+13      4869.68  0.000796679    0.0282255
 5.62341e+13      5623.41  0.000751079    0.0274058
 6.49382e+13      6493.82  0.000707541    0.0265996
 7.49894e+13      7498.94  0.000666002     0.025807
 8.65964e+13      8659.64    0.0006264     0.025028
       1e+14        10000  0.000588674    0.0242626
 1.15478e+14      11547.8  0.000552762    0.0235109
 1.33352e+14      13335.2  0.000518606    0.0227729
 1.53993e+14      15399.3  0.000486144    0.0220487
 1.77828e+14      17782.8  0.000455319    0.0213382
 2.05353e+14      20535.3  0.000426073    0.0206415
 2.37137e+14      23713.7  0.000398348    0.0199587
 2.73842e+14      27384.2  0.000372088    0.0192896
 3.16228e+14      31622.8  0.000347239    0.0186344
 3.65174e+14      36517.4  0.000323745    0.0179929
 4.21697e+14      42169.7  0.000301554    0.0173653
 4.86968e+14      48696.8  0.000280612    0.0167515
 5.62341e+14      56234.1  0.000260868    0.0161514
 6.49382e+14      64938.2  0.000242272    0.0155651
 7.49894e+14      74989.4  0.000224774    0.0149925
 8.65964e+14      86596.4  0.000208327    0.0144335
       1e+15       100000  0.000192882    0.0138882
 1.15478e+15       115478  0.000178395    0.0133564
 1.33352e+15       133352  0.000164819    0.0128382
 1.53993e+15       153993  0.000152111    0.0123333
 1.77828e+15       177828  0.000140229    0.0118418
 2.05353e+15       205353  0.000129132    0.0113636
 2.37137e+15       237137  0.000118779    0.0108986
 2.73842e+15       273842  0.000109131    0.0104466
 3.16228e+15       316228   0.00010015    0.0100075
 3.65174e+15       365174  9.18017e-05   0.00958132
 4.21697e+15       421697  8.40492e-05   0.00916783
 4.86968e+15       486968   7.6859e-05   0.00876693
 5.62341e+15       562341  7.01985e-05   0.00837846
 6.49382e+15       649382  6.40365e-05   0.00800228
 7.49894e+15       749894  5.83426e-05   0.00763823
 8.65964e+15       865964  5.30881e-05   0.00728616
       1e+16        1e+06  4.82452e-05   0.00694588
