# Matter power spectrum P(k) at redshift z=49
# for k=1.03733e-05 to 1038.4 h/Mpc,
# number of wavenumbers equal to 142
#    1:k (h/Mpc)              2:P (Mpc/h)^3        
       1.037327674596e-05       2.944083610426e-02 
       1.305918169907e-05       3.678915680306e-02 
       1.644053569819e-05       4.597159344041e-02 
       2.069740817396e-05       5.744590179947e-02 
       2.605649310848e-05       7.178409766225e-02 
       3.280318131651e-05       8.970093366103e-02 
       4.129675854704e-05       1.120895014609e-01 
       5.198953875960e-05       1.400656761080e-01 
       6.545095149191e-05       1.750236068436e-01 
       8.239786605928e-05       2.187049201295e-01 
       1.037327674596e-04       2.732849805105e-01 
       1.305918169907e-04       3.414801738250e-01 
       1.644053569819e-04       4.266810677257e-01 
       2.069740817396e-04       5.331169347479e-01 
       2.605649310848e-04       6.660576882998e-01 
       3.280318131650e-04       8.320590096041e-01 
       4.129675854704e-04       1.039254459131e+00 
       5.198953875960e-04       1.297692680791e+00 
       6.545095149191e-04       1.619704573268e+00 
       8.239786605928e-04       2.020257550116e+00 
       1.037327674596e-03       2.517199726561e+00 
       1.305918169907e-03       3.131197742050e+00 
       1.644053569819e-03       3.884906676266e+00 
       2.069740817396e-03       4.801213335397e+00 
       2.605649310848e-03       5.899020246340e+00 
       3.280318131651e-03       7.186644651085e+00 
       4.129675854704e-03       8.653203687085e+00 
       5.198953875960e-03       1.026108276720e+01 
       6.545095149191e-03       1.194285245476e+01 
       8.239786605928e-03       1.359727072194e+01 
       1.037327674596e-02       1.507224442059e+01 
       1.305918169907e-02       1.615355341475e+01 
       1.644053569817e-02       1.658120576379e+01 
       2.069740801652e-02       1.609868043651e+01 
       2.605637182315e-02       1.458732455475e+01 
       3.278623051453e-02       1.227894060905e+01 
       4.072772360309e-02       9.967214501910e+00 
       4.744502688877e-02       8.642098993564e+00 
       5.231275389888e-02       7.993556036447e+00 
       5.632336481561e-02       7.590600189468e+00 
       5.990260159953e-02       7.286978577061e+00 
       6.323994026454e-02       7.021743728616e+00 
       6.643553676132e-02       6.764178516741e+00 
       6.954938903211e-02       6.497955568207e+00 
       7.262087973735e-02       6.215241247977e+00 
       7.567774885055e-02       5.914108982736e+00 
       7.874068287985e-02       5.597090748924e+00 
       8.182586336944e-02       5.270026755924e+00 
       8.494647622784e-02       4.941002863664e+00 
       8.811365289212e-02       4.619220082127e+00 
       9.133708237291e-02       4.313927666165e+00 
       9.462542327901e-02       4.033355080309e+00 
       9.798658923591e-02       3.783860177842e+00 
       1.014279513082e-01       3.569236828769e+00 
       1.049564843198e-01       3.390337580407e+00 
       1.085788742127e-01       3.244903067261e+00 
       1.123015976956e-01       3.127654161375e+00 
       1.161309817753e-01       3.030648038827e+00 
       1.200732484370e-01       2.943969163033e+00 
       1.241345482294e-01       2.856910288671e+00 
       1.283209855148e-01       2.759612047324e+00 
       1.326386374883e-01       2.644999056076e+00 
       1.370935686270e-01       2.510483818783e+00 
       1.416918419417e-01       2.358805257963e+00 
       1.464395282075e-01       2.197571746712e+00 
       1.513427142290e-01       2.037459566555e+00 
       1.564075111127e-01       1.889623783852e+00 
       1.616400634720e-01       1.762809890370e+00 
       1.670465604576e-01       1.661200996207e+00 
       1.726332494886e-01       1.583467220288e+00 
       1.784064535422e-01       1.522822443492e+00 
       1.843725928567e-01       1.469526118699e+00 
       1.905382118941e-01       1.412558603617e+00 
       1.969100124119e-01       1.343501712589e+00 
       2.034948935099e-01       1.260957724383e+00 
       2.102999995459e-01       1.170870679210e+00 
       2.173327768753e-01       1.082997012581e+00 
       2.246010404636e-01       1.005979387444e+00 
       2.321130515685e-01       9.443023258719e-01 
       2.398776079042e-01       8.967648447334e-01 
       2.479041480008e-01       8.566183650474e-01 
       2.562028718885e-01       8.153707878293e-01 
       2.647848807969e-01       7.679604336675e-01 
       2.736623393047e-01       7.151559799531e-01 
       2.828486643640e-01       6.627131965653e-01 
       2.923587469308e-01       6.171076353591e-01 
       3.022092136635e-01       5.802023299262e-01 
       3.124187384567e-01       5.487378769559e-01 
       3.230084166722e-01       5.175972547916e-01 
       3.340022191264e-01       4.838277572373e-01 
       3.454275486507e-01       4.493058369140e-01 
       3.573159300459e-01       4.177028073645e-01 
       3.697038755493e-01       3.907125360625e-01 
       3.826339841108e-01       3.662338534776e-01 
       3.961563563718e-01       3.416397398917e-01 
       4.103304422714e-01       3.168046480769e-01 
       4.252274912852e-01       2.936097759219e-01 
       4.409338575366e-01       2.726968259343e-01 
       4.575555425520e-01       2.529263106247e-01 
       4.752245713251e-01       2.333056829516e-01 
       4.941081552120e-01       2.145763040681e-01 
       5.144222174612e-01       1.972031491297e-01 
       5.364519814047e-01       1.803014146372e-01 
       5.605844423151e-01       1.639159598314e-01 
       5.873617473408e-01       1.482519362973e-01 
       6.175733177795e-01       1.328804664277e-01 
       6.524242135806e-01       1.178385502714e-01 
       6.938642649552e-01       1.028528925643e-01 
       7.452828039345e-01       8.774237849561e-02 
       8.130934840637e-01       7.217360083044e-02 
       9.104797059288e-01       5.584748958107e-02 
       1.064378340856e+00       3.901370068908e-02 
       1.309532833610e+00       2.404659116711e-02 
       1.645790627748e+00       1.397072515783e-02 
       2.071873582732e+00       8.011520298059e-03 
       2.608334099391e+00       4.556398005573e-03 
       3.283698080064e+00       2.572172302662e-03 
       4.133930957652e+00       1.442251613530e-03 
       5.204310733191e+00       8.037394458460e-04 
       6.551839032887e+00       4.453945956378e-04 
       8.248276652487e+00       2.455513384852e-04 
       1.038396508132e+01       1.347365506749e-04 
       1.307263751606e+01       7.361019570698e-05 
       1.645747556814e+01       4.005291258467e-05 
       2.071873420672e+01       2.171248303857e-05 
       2.608334099305e+01       1.172905306900e-05 
       3.283698080064e+01       6.315053884232e-06 
       4.133930957652e+01       3.389359969786e-06 
       5.204310733191e+01       1.813530739095e-06 
       6.551839032887e+01       9.673638593278e-07 
       8.248276652487e+01       5.143542730911e-07 
       1.038396508132e+02       2.725273023889e-07 
       1.307263751606e+02       1.438075751517e-07 
       1.645747556814e+02       7.550487573998e-08 
       2.071873420672e+02       3.938861601139e-08 
       2.608334099305e+02       2.037391636069e-08 
       3.283698080064e+02       1.042283558223e-08 
       4.133930957652e+02       5.260313765300e-09 
       5.204310733191e+02       2.616919983246e-09 
       6.551839032887e+02       1.288155543876e-09 
       8.248276652487e+02       6.340069840900e-10 
       1.038396508132e+03       3.156103418116e-10 
